a = 1;
b = -100000000;
c = 1;

roots([a b c])