用程序
a = hex2num('4059000000000000')

b = hex2num('3f847ae147ae147b')

c = hex2num('3fe921fb54442d18')


得到了：

a =

   100


b =

    0.0100


c =

    0.7854